2945.885017807299
3129.143101311089
3177.4591699019006
3291.3818068563123
3355.507777782096
3461.788756299559
3321.21203135191
3096.7688197939847
3162.5760728644814
3194.0506321521852
3161.1128475304113
3170.8674154882497
3295.865571852392
3226.2205857101235
3193.8389719048587
3259.568729385462
3148.9673575880342
3135.22430739056
3214.2298836565255
3240.339516741619
3084.176694653026
3123.5684315422027
3335.901993819984
3227.7348817737466
3088.5816059252243
3175.766135535067
3268.545936656905
3225.298679186806
3155.94130117299
3213.226647951566
3112.5052486555915
3108.5643569971858
3197.1634390915547
3086.6759952645652
3047.6061724849815
3166.3249015985825
3018.79390542392
3094.5899899641977
3129.1546663592785
3163.8477211095264
3092.6785442368628
3153.9615422603215
3174.202526525144
3116.275141927413
2962.647493160155
3290.4858299860275
3182.60045950116
3216.73354808475
3197.803704931724
3308.156599973132
3178.299127218303
3111.137887000351
3085.2685548525374
